millbrae 4.25 3.1 3.1 3.6 3.8 4.05 4.15 4.4 4.45 4.5 4.5 4.5 4.5 4.7 4.8 4.8 4.9 5.0 5.55 5.9 6.25 6.4 6.8 7.0 7.5 5.0 5.1 5.15 5.35 5.5 5.7 4.8 5.05 5.25 5.55 5.75 6.05 6.3 6.8 7.1 6.05 6.95 7.1
sf-airport 7.4 7.4 7.7 7.9 8.1 8.25 8.5 8.6 8.65 8.65 8.65 8.65 8.85 8.95 8.95 9.05 9.15 9.7 10.05 10.4 10.55 10.95 11.15 11.65 9.15 9.25 9.3 9.45 9.65 9.85 8.95 9.2 9.4 9.65 9.9 10.2 10.45 10.95 11.25 10.15 11.1 11.25
san-bruno 3.1 3.1 3.1 3.55 3.65 3.9 4.0 4.15 4.15 4.15 4.15 4.4 4.5 4.5 4.6 4.7 5.25 5.6 5.95 6.1 6.5 6.7 7.2 4.7 4.75 4.85 5.0 5.15 5.4 4.5 4.75 4.95 5.2 5.45 5.7 6.0 6.45 6.8 5.7 6.6 6.8
south-san-francisco 3.1 3.1 3.1 3.3 3.5 3.6 3.8 3.8 3.8 3.8 4.15 4.25 4.25 4.35 4.45 5.0 5.35 5.7 5.85 6.25 6.45 6.95 4.45 4.55 4.6 4.75 4.9 5.15 4.25 4.5 4.7 4.95 5.2 5.45 5.75 6.2 6.55 5.45 6.35 6.55
colma 3.1 3.1 3.1 3.25 3.35 3.5 3.5 3.5 3.5 3.95 4.05 4.05 4.15 4.3 4.8 5.15 5.5 5.65 6.05 6.25 6.75 4.25 4.35 4.4 4.6 4.75 4.95 4.05 4.3 4.5 4.8 5.0 5.3 5.55 6.05 6.35 5.3 6.2 6.35
daly-city 2.95 2.95 2.95 2.95 3.15 3.15 3.15 3.15 4.0 4.1 4.1 4.2 4.3 4.85 5.2 5.55 5.7 6.1 6.3 6.8 4.3 4.4 4.45 4.6 4.75 5.0 4.1 4.35 4.55 4.8 5.05 5.3 5.6 6.05 6.4 5.3 6.2 6.4
balboa-park 1.85 1.85 1.85 1.9 1.9 1.9 1.9 3.8 3.95 3.95 4.05 4.2 4.7 5.1 5.45 5.55 5.95 6.15 6.65 4.2 4.25 4.3 4.5 4.65 4.85 3.95 4.25 4.4 4.7 4.9 5.2 5.5 5.95 6.3 5.2 6.1 6.25
glen-park 1.85 1.85 1.85 1.85 1.85 1.85 3.65 3.85 3.85 4.0 4.1 4.65 5.0 5.35 5.5 5.9 6.1 6.6 4.1 4.2 4.25 4.45 4.6 4.8 3.85 4.15 4.35 4.65 4.85 5.1 5.4 5.9 6.2 5.15 6.05 6.2
24th-st-mission 1.85 1.85 1.85 1.85 1.85 3.4 3.6 3.6 3.8 4.0 4.5 4.85 5.2 5.35 5.75 5.95 6.45 3.95 4.05 4.1 4.3 4.45 4.65 3.6 4.0 4.2 4.5 4.7 5.0 5.25 5.75 6.05 5.0 5.9 6.05
16th-st-mission 1.85 1.85 1.85 1.85 3.35 3.5 3.5 3.7 3.9 4.45 4.8 5.15 5.3 5.7 5.9 6.4 3.9 4.0 4.05 4.25 4.4 4.6 3.5 3.9 4.15 4.45 4.65 4.95 5.2 5.7 6.0 4.95 5.85 6.0
civic-center 1.85 1.85 1.85 3.1 3.3 3.3 3.5 3.75 4.4 4.75 5.1 5.25 5.65 5.8 6.3 3.75 3.9 4.0 4.15 4.3 4.5 3.3 3.75 4.05 4.35 4.6 4.85 5.15 5.6 5.95 4.85 5.75 5.95
powell-st 1.85 1.85 3.1 3.3 3.3 3.5 3.75 4.4 4.75 5.1 5.25 5.65 5.8 6.3 3.75 3.9 4.0 4.15 4.3 4.5 3.3 3.75 4.05 4.35 4.6 4.85 5.15 5.6 5.95 4.85 5.75 5.95
montgomery-st 1.85 3.1 3.3 3.3 3.5 3.75 4.4 4.75 5.1 5.25 5.65 5.8 6.3 3.75 3.9 4.0 4.15 4.3 4.5 3.3 3.75 4.05 4.35 4.6 4.85 5.15 5.6 5.95 4.85 5.75 5.95
embarcadero 3.1 3.3 3.3 3.5 3.75 4.4 4.75 5.1 5.25 5.65 5.8 6.3 3.75 3.9 4.0 4.15 4.3 4.5 3.3 3.75 4.05 4.35 4.6 4.85 5.15 5.6 5.95 4.85 5.75 5.95
west-oakland 1.85 1.85 1.85 1.85 2.55 3.15 3.5 3.65 4.05 4.25 4.75 1.85 1.95 2.05 2.35 2.6 2.95 1.85 1.85 2.1 2.55 2.95 3.3 3.6 4.05 4.4 3.3 4.2 4.35
12th-st-oakland 1.85 1.85 1.85 2.35 2.95 3.4 3.55 3.9 4.1 4.6 1.85 1.85 1.9 2.2 2.45 2.8 1.85 1.85 1.85 2.4 2.75 3.2 3.5 3.95 4.3 3.2 4.1 4.25
19th-st-oakland 1.85 1.85 2.35 2.95 3.4 3.55 3.9 4.1 4.6 1.85 1.85 1.9 2.2 2.45 2.8 1.85 1.85 1.85 2.4 2.75 3.2 3.5 3.95 4.3 3.2 4.1 4.25
macarthur 1.85 1.85 2.8 3.3 3.5 3.9 4.1 4.6 1.85 1.85 1.85 2.0 2.25 2.6 1.85 1.85 2.15 2.6 2.95 3.3 3.55 4.05 4.35 3.3 4.2 4.35
rockridge 1.85 2.6 3.1 3.35 3.75 3.95 4.45 1.85 1.85 1.85 2.05 2.3 2.65 1.85 1.9 2.2 2.65 3.0 3.3 3.55 4.05 4.35 3.3 4.2 4.35
orinda 1.85 1.85 1.85 1.85 3.4 3.9 2.25 2.4 2.55 2.85 3.1 3.25 2.35 2.65 3.0 3.3 3.5 3.75 4.05 4.55 4.85 3.8 4.7 4.85
lafayette 1.85 1.85 1.85 2.95 3.55 2.85 3.0 3.1 3.3 3.45 3.65 2.95 3.2 3.35 3.65 3.9 4.15 4.45 4.9 5.25 4.15 5.05 5.2
walnut-creek 1.85 1.85 1.85 1.85 3.3 3.4 3.45 3.6 3.8 3.95 3.4 3.55 3.7 4.0 4.2 4.5 4.8 5.25 5.6 4.5 5.4 5.55
pleasant-hill 1.85 1.85 1.85 3.5 3.55 3.6 3.75 3.9 4.15 3.55 3.65 3.85 4.15 4.35 4.65 4.9 5.4 5.7 4.65 5.55 5.7
concord 1.85 1.85 3.9 3.9 4.0 4.15 4.3 4.5 3.9 4.05 4.25 4.55 4.75 5.05 5.3 5.8 6.1 5.05 5.95 6.1
north-concord 1.85 4.1 4.1 4.2 4.35 4.50 4.7 4.1 4.25 4.45 4.75 4.95 5.2 5.5 6.0 6.3 5.25 6.15 6.3
pittsburg 4.6 4.6 4.65 4.85 5.0 5.2 4.6 4.75 4.95 5.2 5.45 5.7 6.0 6.5 6.8 5.75 6.65 6.8
ashby 1.85 1.85 1.85 1.85 1.85 1.85 2.05 2.35 2.85 3.15 3.4 3.7 4.15 4.5 3.4 4.3 4.5
downtown-berkeley 1.85 1.85 1.85 1.85 1.85 2.2 2.5 3.0 3.25 3.5 3.8 4.25 4.6 3.5 4.4 4.55
north-berkeley 1.85 1.85 1.85 1.9 2.35 2.65 3.05 3.25 3.55 3.85 4.3 4.6 3.55 4.45 4.6
el-cerrito-plaza 1.85 1.85 2.2 2.65 2.95 3.2 3.45 3.75 4.0 4.5 4.8 3.7 4.65 4.8
el-cerrito-del-norte 1.85 2.45 2.9 3.1 3.4 3.6 3.9 4.2 4.65 5.0 3.9 4.8 4.95
richmond 2.8 3.1 3.3 3.6 3.8 4.1 4.35 4.85 5.15 4.1 5.0 5.15
lake-merritt 1.85 1.85 2.4 2.75 3.2 3.5 3.95 4.3 3.2 4.1 4.25
fruitvale 1.85 1.85 2.35 2.75 3.2 3.7 4.05 2.75 3.85 4.0
colliseum 1.85 1.85 2.45 2.9 3.5 3.85 2.45 3.65 3.8
san-leandro 1.85 1.85 2.45 3.15 3.55 1.85 3.4 3.55
bay-fair 1.85 1.85 1.85 1.85 1.85 1.85 1.85
hayward 1.85 1.85 1.85 1.85 3.45 3.6
south-hayward 1.85 1.85 2.55 3.7 3.85
union-city 1.85 3.2 4.2 4.35
fremont 3.6 4.5 4.65
castro-valley 1.85 1.85
west-dublin 1.85
dublin
